1. 28
2. 1'5/18
3. 6'2/5
4. 2/5
5. 1/9
6. 1
7. 2
8. 1/2
9. 11
10. 1'3/5
11. 10
12. 29
13. 2
14. 43
15. 1'2/5
16. 1/4
17. 2
18. 1
19. 7'5/6
20. 1/10
21. 1
22. 9
23. 1/20
24. 1
25. 1'3/5
26. 5/14
27. 33
28. 33'3/5
29. 486
30. 6'1/5
31. 3/16
32. 11'1/3
33. 8
34. 3/7
35. 7
36. 0
37. 10
38. 1'1/4
39. 67
40. 4'4/5
41. 12'1/7
42. 4'11/16
43. 1/128
44. 3
45. 16
46. 3'1/2
47. 1
48. 2/5
49. 7'5/36
50. 37
51. 20
52. 1'3/10
53. 25
54. 8'2/7
55. 1/2
56. 9
57. 254
58. 1
59. 4
60. 21
61. 9
62. 9/40
63. 1'38/63
64. 34
65. 2
66. 25
67. 12'3/7
68. 1'1/14
69. 17
70. 3
71. 96
72. 5'1/3
73. 28
74. 111
75. 1/63
76. 5'1/7
77. 1/54
78. 26
79. 71
80. 51
81. 34/35
82. 8
83. 4
84. 1/6
85. 6
86. 32
87. 36
88. 2
89. 4/7
90. 6'2/3
91. 10
92. 28
93. 16
94. 9
95. 0
96. 76
97. 10'2/9
98. 4
99. 3/7
100. 1/294
